17481499225
17481474314
17481454308
17481398940
17481398937
17481375617
17481375612
17481325918
17480500721
17480500717
17480485938
17480485936
17480485931
17480412200
17480412187
17480395453
17480395437
17480208161
17480128322
17480100034
17480100007
17480100005
17480050483
17480050473
17480028199
17480028198
17479880568
17479880567
17479880564
17479802079
17479725975
17479725972
17479725969
17479609452
17479569556
17479508570
17479508344
17479441690
17479441687
17479441250
17479378232
17479378221
17479377905
17479297350
17479297342
17479296911
17479232639
17479232622
17479231911
17479152207
17479152194
17479147746
17476304276
10331660836
10328468792
